1
0m6.502s
17.1
1.000
2
0m13.752s
19.0
1.000
3
0m17.763s
19.1
1.000
4
0m27.475s
18.6
1.000
5
0m36.365s
20.0
1.000
6
0m46.672s
19.7
1.000
7
1m3.172s
20.9
1.000
8
1m9.858s
20.8
1.000
9
1m22.310s
22.0
1.000
10
1m36.741s
22.2
1.000
11
2m7.165s
22.6
1.000
12
2m28.799s
22.2
1.000
13
2m45.552s
22.7
0.988
14
3m42.256s
22.6
0.975
15
3m58.841s
22.1
0.949
16
4m1.839s
22.1
0.934
17
5m0.312s
21.9
0.920
18
4m37.050s
21.9
0.920
19
5m42.312s
21.8
0.873
20
6m34.261s
21.8
0.864
21
6m3.090s
21.5
0.848
22
6m24.301s
21.5
0.842
23
6m56.303s
21.3
0.831
24
7m20.161s
21.2
0.820
25
8m18.639s
21.4
0.790
26
10m21.996s
21.3
0.784
27
11m31.435s
21.2
0.779
28
11m12.646s
20.8
0.756
29
12m7.474s
20.6
0.749
30
12m16.961s
20.1
0.722
