1
0m6.035s
17.1
1.000
2
0m10.159s
19.0
1.000
3
0m16.167s
19.2
1.000
4
0m25.923s
18.8
1.000
5
0m33.082s
20.4
1.000
6
0m43.832s
20.0
1.000
7
0m55.138s
21.1
1.000
8
1m11.616s
21.0
1.000
9
1m24.212s
22.3
1.000
10
1m36.573s
22.4
1.000
11
1m59.191s
22.6
1.000
12
2m25.536s
22.4
1.000
13
2m38.199s
23.1
1.000
14
2m57.562s
23.2
1.000
15
3m11.769s
23.2
0.990
16
3m52.072s
23.1
0.976
17
4m9.110s
23.1
0.968
18
4m47.807s
23.1
0.969
19
5m8.024s
22.9
0.926
20
5m44.552s
22.9
0.917
21
6m19.335s
22.7
0.903
22
7m22.891s
22.6
0.895
23
8m2.778s
22.5
0.884
24
8m29.685s
22.2
0.874
25
9m24.089s
22.4
0.850
26
9m58.614s
22.3
0.845
27
10m5.174s
22.3
0.841
28
10m59.522s
22.0
0.822
29
34m10.255s
21.8
0.816
30
12m33.906s
21.3
0.792
